
        4083698825,
        593612002,
        2274980970,
        1252332902,
        2330305783,
        2213623211,
        2507929920,
        794265487173681157,
        759990541,
        807915198514339840,
        3197061734,
        361121743,
        828245691029925891,
        4244985136,
        4083698825,
        782971207494823936,
        719804566,
        956916368,
        744260293,
        431922295,
        3298437010,
        2341790472,
        793873354147172357,
        1233578756,
        361121743,
        1904386194,
        204928215,
        708061851872071682,
        24745651,
        756571776134569987,
        135923648,
        2841964389,
        784005281286066177,
        4908387363,
        3298437010,
        780460261404733441,
        2843393051,
        2193725029,
        459412972,
        943355660,
        3278260933,
        2837796163,
        229724396,
        763815088511938561,
        780460261404733441,
        4610172017,
        867698948,
        890671585,
        807915198514339840,
        1495479709,
        3375647794,
        1575107198,
        2341790472,
        4244985136,
        3298437010,
        2889311651,
        3110472857,
        706149383994253312,
        732917504687939584,
        2761567447,
        753782380364701696,
        2891940889,
        2695319100,
        828623110353981440,
        3391468005,
        3292717579,
        1678876351,
        2951613821,
        837150653562642433,
        2700941168,
        701919255302959104,
        4908387363,
        758310860850888704,
        863672610995023872,
        797559074573418497,
        2532546931,
        814068036042792961,
        856361809271558144,
        865766519153852416,
        857912849024385027,
        3561542953,
        867675568292204544,
        860612141081968641,
        240272522,
        827485691714088961,
        2186380699,
        2828234017,
        3149131582,
        719543130735972356,
        1458457303,
        143975582,
        373064710,
        460932623,
        2888493296,
        377947273,
        2734321827,
        2819736438,
        805885914455150593,
        1440453679,
        1136552377,
        1600765770,
        725290315,
        479891814,
        1177005956,
        867950102,
        154975056,
        98110607,
        1439162372,
        558324534,
        2896447227,
        939711834,
        1664618719,
        811962253209731073,
        334870378,
        589122708,
        3414388659,
        2896447227,
        128156810,
        760011195751469056,
        790889640471527424,
        1439162372,
        372159974,
        1470074078,
        1530164720,
        2876405440,
        2539777344,
        2147737579,
        1008843962,
        203488619,
        1157344658,
        1291667005,
        1004702498,
        2232987670,
        619703810,
        1190493282,
        844503311713796096,
        589122708,
        1439162372,
        154975056,
        154217573,
        3019738217,
        271366629,
        790889640471527424,
        2896447227,
        760011195751469056,
        157641019,
        708934223479119872,
        1125806335,
        789132920887906305,
        2896447227,
        132930240,
        96962507,
        115699290,
        127449180,
        788350368304463872,
        98110607,
        113802010,
        738398096,
        482390443,
        761475672737013760,
        130431583,
        96988077,
        55002332,
        3027746105,
        752150303210893312,
        3121664066,
        867950102,
        831492714244009984,
        4890044326,
        890671585,
        706548865910992897,
        805141401319129088,
        2330305783,
	2413774771,
        3032916147,
        3158767643,
        2507929920,
        2891130718,
        722143172277706752,
        741267698,
        814890938061488128,
        3163678983,
        1157460228,
        1259821550,
        1956783498,
        2967551482,
        798501505233985537,
        593612002,
        485960207,
        2348341326,
        1233578756,
        2472203389,
        3044611843,
        2899107737,
	867950102,
        2986243648,
        3239298339,
        794265487173681157,
        700430800592990209,
        431922295,
        832228306103709696,
        3303192393,
        2953611731,
        3288260871,
        817266349584093184,
        3132667069,
        817266349584093184
